  
       XFOIL         Version 6.99
  
 Calculated polar for: wrapper_airfoil.dat                             
  
 1 1 Reynolds number fixed          Mach number fixed         
  
 xtrf =   1.000 (top)        1.000 (bottom)  
 Mach =   0.000     Re =     1.869 e 6     Ncrit =   9.000
  
   alpha    CL        CD       CDp       CM     Top_Xtr  Bot_Xtr
  ------ -------- --------- --------- -------- -------- --------
   0.000  -0.1463   0.00725   0.00153   0.0251   0.5711   0.2361
   0.050  -0.1401   0.00727   0.00157   0.0249   0.5768   0.2366
   0.100  -0.1352   0.00725   0.00155   0.0251   0.5747   0.2374
   0.150  -0.1294   0.00726   0.00157   0.0250   0.5767   0.2390
   0.200  -0.1242   0.00725   0.00156   0.0251   0.5761   0.2376
   0.250  -0.1192   0.00723   0.00154   0.0253   0.5741   0.2382
   0.300  -0.1144   0.00721   0.00152   0.0255   0.5704   0.2400
   0.350  -0.1101   0.00722   0.00145   0.0258   0.5546   0.2389
   0.400  -0.1039   0.00719   0.00150   0.0257   0.5674   0.2392
   0.450  -0.0988   0.00719   0.00149   0.0258   0.5653   0.2392
   0.500  -0.0934   0.00718   0.00149   0.0259   0.5647   0.2403
   0.550  -0.0876   0.00718   0.00151   0.0259   0.5684   0.2406
   0.600  -0.0826   0.00718   0.00149   0.0260   0.5638   0.2406
   0.650  -0.0771   0.00716   0.00150   0.0261   0.5674   0.2424
   0.700  -0.0726   0.00719   0.00143   0.0264   0.5460   0.2410
   0.750  -0.0681   0.00715   0.00144   0.0266   0.5511   0.2489
   0.800  -0.0635   0.00713   0.00141   0.0268   0.5377   0.2516
   0.850  -0.0579   0.00720   0.00137   0.0268   0.5087   0.2519
   0.900  -0.0526   0.00819   0.00154   0.0262   0.2682   0.2515
   0.950  -0.0463   0.00709   0.00147   0.0268   0.5625   0.2521
   0.500  -0.0934   0.00718   0.00149   0.0259   0.5647   0.2403
   0.550  -0.0876   0.00718   0.00151   0.0259   0.5684   0.2406
   0.600  -0.0826   0.00718   0.00149   0.0260   0.5638   0.2406
   0.650  -0.0771   0.00716   0.00150   0.0261   0.5674   0.2424
   0.700  -0.0726   0.00719   0.00143   0.0264   0.5460   0.2410
   0.750  -0.0681   0.00715   0.00144   0.0266   0.5511   0.2489
   0.800  -0.0635   0.00713   0.00141   0.0268   0.5377   0.2516
   0.850  -0.0579   0.00720   0.00137   0.0268   0.5087   0.2519
   0.900  -0.0526   0.00819   0.00154   0.0262   0.2682   0.2515
   0.950  -0.0463   0.00709   0.00147   0.0268   0.5625   0.2521
   1.000  -0.0413   0.00707   0.00147   0.0270   0.5628   0.2550
   1.050  -0.0366   0.00715   0.00138   0.0271   0.5216   0.2524
   1.100  -0.0314   0.00706   0.00146   0.0273   0.5545   0.2576
   1.150  -0.0261   0.00718   0.00137   0.0273   0.4959   0.2570
   1.200  -0.0209   0.00707   0.00144   0.0274   0.5475   0.2553
   1.250  -0.0167   0.00705   0.00140   0.0277   0.5263   0.2623
   1.300  -0.0109   0.00703   0.00141   0.0278   0.5357   0.2612
   1.350  -0.0054   0.00702   0.00145   0.0278   0.5475   0.2617
   1.400  -0.0008   0.00702   0.00140   0.0280   0.5282   0.2648
   1.450   0.0050   0.00700   0.00142   0.0280   0.5378   0.2639
   1.000  -0.0413   0.00707   0.00147   0.0270   0.5628   0.2550
   1.050  -0.0366   0.00715   0.00138   0.0271   0.5216   0.2524
   1.100  -0.0314   0.00706   0.00146   0.0273   0.5545   0.2576
   1.150  -0.0261   0.00718   0.00137   0.0273   0.4959   0.2570
   1.200  -0.0209   0.00707   0.00144   0.0274   0.5475   0.2553
   1.250  -0.0167   0.00705   0.00140   0.0277   0.5263   0.2623
   1.300  -0.0109   0.00703   0.00141   0.0278   0.5357   0.2612
   1.350  -0.0054   0.00702   0.00145   0.0278   0.5475   0.2617
   1.400  -0.0008   0.00702   0.00140   0.0280   0.5282   0.2648
   1.450   0.0050   0.00700   0.00142   0.0280   0.5378   0.2639
   1.500   0.0100   0.00698   0.00144   0.0281   0.5439   0.2671
   1.550   0.0166   0.00764   0.00146   0.0275   0.3660   0.2679
   1.600   0.0205   0.00704   0.00139   0.0283   0.5113   0.2682
   1.650   0.0226   0.00825   0.00162   0.0283   0.2323   0.2676
   1.700   0.0314   0.00704   0.00139   0.0284   0.5072   0.2687
   1.750   0.0291   0.00852   0.00168   0.0292   0.1711   0.2729
   1.800   0.0415   0.00788   0.00155   0.0281   0.3096   0.2716
   1.850   0.0482   0.00741   0.00143   0.0282   0.4022   0.2772
   1.900   0.0499   0.00796   0.00159   0.0287   0.2826   0.2813
   1.950   0.0530   0.00823   0.00165   0.0291   0.2299   0.2782
   1.500   0.0100   0.00698   0.00144   0.0281   0.5439   0.2671
   1.550   0.0166   0.00764   0.00146   0.0275   0.3660   0.2679
   1.600   0.0205   0.00704   0.00139   0.0283   0.5113   0.2682
   1.650   0.0226   0.00825   0.00162   0.0283   0.2323   0.2676
   1.700   0.0314   0.00704   0.00139   0.0284   0.5072   0.2687
   1.750   0.0291   0.00852   0.00168   0.0292   0.1711   0.2729
   1.800   0.0415   0.00788   0.00155   0.0281   0.3096   0.2716
   1.850   0.0482   0.00741   0.00143   0.0282   0.4022   0.2772
   1.900   0.0499   0.00796   0.00159   0.0287   0.2826   0.2813
   1.950   0.0530   0.00823   0.00165   0.0291   0.2299   0.2782
   2.000   0.0535   0.00850   0.00171   0.0301   0.1667   0.2848
   2.100   0.0623   0.00853   0.00173   0.0305   0.1543   0.2905
   2.150   0.0691   0.00854   0.00173   0.0304   0.1612   0.2815
   2.200   0.0716   0.00859   0.00175   0.0310   0.1434   0.2924
   2.250   0.0820   0.00825   0.00170   0.0302   0.2143   0.2919
   2.300   0.0846   0.00843   0.00174   0.0307   0.1763   0.2913
   2.400   0.0885   0.00882   0.00183   0.0322   0.0981   0.2949
   2.450   0.0922   0.00886   0.00186   0.0325   0.0892   0.3027
   2.000   0.0535   0.00850   0.00171   0.0301   0.1667   0.2848
   2.100   0.0623   0.00853   0.00173   0.0305   0.1543   0.2905
   2.150   0.0691   0.00854   0.00173   0.0304   0.1612   0.2815
   2.200   0.0716   0.00859   0.00175   0.0310   0.1434   0.2924
   2.250   0.0820   0.00825   0.00170   0.0302   0.2143   0.2919
   2.300   0.0846   0.00843   0.00174   0.0307   0.1763   0.2913
   2.500   0.1015   0.00857   0.00180   0.0319   0.1424   0.3069
   2.550   0.1064   0.00859   0.00181   0.0321   0.1376   0.3078
   2.400   0.0885   0.00882   0.00183   0.0322   0.0981   0.2949
   2.450   0.0922   0.00886   0.00186   0.0325   0.0892   0.3027
   2.650   0.1167   0.00846   0.00181   0.0323   0.1534   0.3206
   2.700   0.1172   0.00878   0.00188   0.0333   0.0974   0.3183
   2.750   0.1165   0.00905   0.00198   0.0346   0.0465   0.3243
   2.800   0.1299   0.00849   0.00184   0.0331   0.1407   0.3363
   2.850   0.1309   0.00866   0.00189   0.0340   0.1041   0.3443
   2.900   0.1284   0.00900   0.00201   0.0356   0.0419   0.3539
   2.950   0.1334   0.00911   0.00205   0.0358   0.0317   0.3446
   3.000   0.1470   0.00862   0.00191   0.0343   0.1125   0.3491
   3.050   0.1428   0.00903   0.00205   0.0362   0.0394   0.3626
   3.100   0.1484   0.00880   0.00200   0.0362   0.0622   0.3854
   3.150   0.1496   0.00908   0.00210   0.0371   0.0251   0.3787
   3.200   0.1430   0.00810   0.00186   0.0398   0.0672   0.5558
   3.250   0.1594   0.00913   0.00214   0.0375   0.0235   0.3796
   3.300   0.1506   0.00788   0.00183   0.0405   0.0797   0.5950
   3.350   0.1385   0.00799   0.00192   0.0443   0.0210   0.6715
   3.400   0.1575   0.00845   0.00202   0.0414   0.0232   0.5592
   3.450   0.1447   0.00793   0.00195   0.0453   0.0194   0.6947
   3.500   0.1531   0.00773   0.00191   0.0449   0.0454   0.7009
   3.550   0.1545   0.00791   0.00198   0.0457   0.0236   0.7039
   3.650   0.1630   0.00778   0.00201   0.0464   0.0332   0.7221
   3.700   0.1684   0.00775   0.00201   0.0466   0.0395   0.7267
   3.750   0.1704   0.00795   0.00207   0.0472   0.0177   0.7236
   3.800   0.1748   0.00796   0.00209   0.0475   0.0163   0.7299
   3.850   0.1798   0.00796   0.00212   0.0477   0.0184   0.7318
   3.900   0.1829   0.00796   0.00214   0.0482   0.0159   0.7389
   3.950   0.1858   0.00796   0.00220   0.0489   0.0164   0.7475
   4.000   0.1907   0.00797   0.00221   0.0491   0.0157   0.7498
   4.050   0.1954   0.00803   0.00227   0.0493   0.0164   0.7487
   4.100   0.2008   0.00797   0.00222   0.0494   0.0194   0.7552
   4.150   0.2053   0.00801   0.00225   0.0496   0.0164   0.7556
   4.200   0.2103   0.00804   0.00228   0.0497   0.0163   0.7561
   4.250   0.2148   0.00806   0.00232   0.0500   0.0156   0.7599
   4.300   0.2190   0.00816   0.00240   0.0504   0.0123   0.7581
   4.350   0.2239   0.00807   0.00233   0.0505   0.0147   0.7643
   4.400   0.2276   0.00829   0.00247   0.0510   0.0065   0.7582
   4.450   0.2302   0.00821   0.00243   0.0517   0.0072   0.7701
   4.500   0.2334   0.00827   0.00254   0.0522   0.0065   0.7737
   4.550   0.2413   0.00822   0.00247   0.0517   0.0092   0.7696
   4.600   0.2429   0.00834   0.00268   0.0527   0.0093   0.7756
   4.650   0.2486   0.00835   0.00269   0.0527   0.0093   0.7742
   4.700   0.2521   0.00841   0.00270   0.0531   0.0063   0.7778
   4.750   0.2590   0.00835   0.00260   0.0528   0.0071   0.7762
   4.800   0.2640   0.00832   0.00261   0.0529   0.0086   0.7818
   4.850   0.2656   0.00851   0.00291   0.0540   0.0093   0.7844
   4.900   0.2701   0.00857   0.00291   0.0543   0.0061   0.7851
   4.950   0.2772   0.00838   0.00271   0.0538   0.0092   0.7901
   5.000   0.2802   0.00855   0.00288   0.0545   0.0063   0.7890
   5.050   0.2835   0.00857   0.00293   0.0551   0.0062   0.7935
   5.100   0.2880   0.00864   0.00301   0.0553   0.0062   0.7931
   5.150   0.2929   0.00865   0.00301   0.0555   0.0062   0.7942
   5.200   0.2969   0.00860   0.00297   0.0558   0.0063   0.8010
   5.250   0.3015   0.00866   0.00305   0.0561   0.0062   0.8003
   5.300   0.3042   0.00872   0.00316   0.0567   0.0062   0.8067
   5.350   0.3107   0.00871   0.00311   0.0565   0.0062   0.8032
   5.400   0.3151   0.00876   0.00318   0.0568   0.0063   0.8044
   5.450   0.3182   0.00888   0.00334   0.0574   0.0061   0.8058
   5.500   0.3232   0.00883   0.00327   0.0575   0.0061   0.8123
   5.550   0.3272   0.00896   0.00343   0.0579   0.0061   0.8091
   5.600   0.3308   0.00904   0.00354   0.0584   0.0061   0.8110
   5.650   0.3346   0.00906   0.00358   0.0588   0.0061   0.8147
   5.700   0.3441   0.00886   0.00328   0.0578   0.0066   0.8135
   5.750   0.3460   0.00900   0.00348   0.0587   0.0062   0.8163
   5.800   0.3490   0.00900   0.00352   0.0592   0.0062   0.8222
   5.850   0.3542   0.00902   0.00354   0.0594   0.0062   0.8225
   5.900   0.3558   0.00919   0.00377   0.0603   0.0062   0.8250
   5.950   0.3648   0.00904   0.00353   0.0595   0.0063   0.8228
   6.000   0.3696   0.00903   0.00352   0.0596   0.0064   0.8250
   6.050   0.3692   0.00928   0.00387   0.0611   0.0061   0.8311
   6.100   0.3749   0.00926   0.00384   0.0610   0.0062   0.8316
   6.150   0.3740   0.00960   0.00429   0.0627   0.0062   0.8345
   6.200   0.3840   0.00933   0.00393   0.0615   0.0061   0.8353
   6.250   0.3863   0.00951   0.00418   0.0623   0.0062   0.8348
   6.300   0.3905   0.00939   0.00406   0.0625   0.0062   0.8439
   6.350   0.3872   0.00989   0.00470   0.0646   0.0063   0.8438
   6.400   0.3904   0.00992   0.00476   0.0652   0.0063   0.8501
   6.450   0.3999   0.00973   0.00449   0.0643   0.0062   0.8476
   6.500   0.4031   0.00978   0.00457   0.0648   0.0062   0.8528
   6.550   0.3895   0.01065   0.00571   0.0692   0.0068   0.8681
   6.600   0.4050   0.01014   0.00506   0.0670   0.0063   0.8637
   6.650   0.3862   0.01180   0.00695   0.0723   0.0076   0.8619
   6.700   0.4182   0.00992   0.00480   0.0664   0.0062   0.8688
   6.750   0.4072   0.01087   0.00596   0.0701   0.0068   0.8715
   6.800   0.4238   0.01016   0.00511   0.0677   0.0062   0.8752
   6.850   0.4156   0.01090   0.00609   0.0707   0.0067   0.8961
   6.900   0.4385   0.00991   0.00490   0.0669   0.0061   0.9001
   6.950   0.4275   0.01089   0.00597   0.0705   0.0065   0.8775
   7.000   0.4456   0.01010   0.00511   0.0677   0.0062   0.8969
   7.050   0.4267   0.01162   0.00689   0.0732   0.0068   0.8961
   7.100   0.4444   0.01318   0.00873   0.0701   0.0079   0.9308
   7.150   0.4495   0.01088   0.00604   0.0706   0.0063   0.9018
   7.200   0.4596   0.01094   0.00616   0.0695   0.0064   0.9145
   7.250   0.4576   0.01327   0.00883   0.0709   0.0076   0.9301
   7.300   0.4884   0.01313   0.00867   0.0651   0.0071   0.9390
   7.350   0.4970   0.01363   0.00922   0.0645   0.0072   0.9404
   7.400   0.4974   0.01443   0.01009   0.0654   0.0078   0.9405
